1 4350 4425
2 4500 4425
3 4300 4725
4 4300 4825
5 4300 4950
6 4300 5050
7 4350 8875
8 4500 8875
9 4300 9175
10 4300 9275
11 4300 9400
12 4300 9500
13 4950 10600
14 5150 10600
15 5525 9525
16 5525 9425
17 5525 9225
18 5525 9125
19 4950 8875
20 5250 8875
21 5550 8875
22 4950 6150
23 5150 6150
24 5525 5075
25 5525 4975
26 5525 4775
27 5525 4675
28 4950 4425
29 5250 4425
30 5550 4425
31 5875 2325
32 5875 2475
33 5875 2625
34 5875 2775
35 5675 4825
36 5675 4925
37 5875 6775
38 5875 6925
39 5875 7075
40 5875 7225
41 5675 9275
42 5675 9375
43 8125 10150
44 8225 10150
45 8325 10150
46 8125 5700
47 8225 5700
48 8325 5700
49 8675 3150
50 8675 3250
51 8675 3350
52 8675 3450
53 8675 3550
54 8675 3650
55 8675 3750
56 8675 3850
57 8675 3950
58 8675 4050
59 8425 5700
60 8525 5700
61 8675 7600
62 8675 7700
63 8675 7800
64 8675 7900
65 8675 8000
66 8675 8100
67 8675 8200
68 8675 8300
69 8675 8400
70 8675 8500
71 8425 10150
72 8525 10150
73 10850 9500
74 10850 9400
75 10850 9275
76 10850 9175
77 10900 8875
78 11050 8875
79 10850 5050
80 10850 4950
81 10850 4825
82 10850 4725
83 10900 4425
84 11050 4425
85 11500 4425
86 11800 4425
87 11500 6150
88 11700 6150
89 11500 8875
90 11800 8875
91 11500 10600
92 11700 10600
93 12075 9525
94 12075 9425
95 12225 9375
96 12225 9275
97 12075 9225
98 12075 9125
99 12100 8875
100 12425 7225
101 12425 7075
102 12425 6925
103 12425 6775
104 12075 5075
105 12075 4975
106 12225 4925
107 12225 4825
108 12075 4775
109 12075 4675
110 12100 4425
111 12425 2775
112 12425 2625
113 12425 2475
114 12425 2325
115 14675 5700
116 14675 10150
117 14775 10150
118 14875 10150
119 14975 10150
120 15075 10150
121 15225 8500
122 15225 8400
123 15225 8300
124 15225 8200
125 15225 8100
126 15225 8000
127 15225 7900
128 15225 7800
129 15225 7700
130 15225 7600
131 14775 5700
132 14875 5700
133 14975 5700
134 15075 5700
135 15225 4050
136 15225 3950
137 15225 3850
138 15225 3750
139 15225 3650
140 15225 3550
141 15225 3450
142 15225 3350
143 15225 3250
144 15225 3150
EOF






















280城市数据资料
NAME : a280
COMMENT : drilling problem (Ludwig)
TYPE : TSP
DIMENSION: 280
EDGE_WEIGHT_TYPE : EUC_2D
NODE_COORD_SECTION
  1 288 149
  2 288 129
  3 270 133
  4 256 141
  5 256 157
  6 246 157
  7 236 169
  8 228 169
  9 228 161
 10 220 169
 11 212 169
 12 204 169
 13 196 169
 14 188 169
 15 196 161
 16 188 145
 17 172 145
 18 164 145
 19 156 145
 20 148 145
 21 140 145
 22 148 169
 23 164 169
 24 172 169
 25 156 169
 26 140 169
 27 132 169
 28 124 169
 29 116 161
 30 104 153
 31 104 161
 32 104 169
 33  90 165
 34  80 157
 35  64 157
 36  64 165
 37  56 169
 38  56 161
 39  56 153
 40  56 145
 41  56 137
 42  56 129
 43  56 121
 44  40 121
 45  40 129
 46  40 137
 47  40 145
 48  40 153
 49  40 161
 50  40 169
 51  32 169
 52  32 161
 53  32 153
 54  32 145
 55  32 137
 56  32 129
 57  32 121
 58  32 113
 59  40 113
 60  56 113
 61  56 105
 62  48  99
 63  40  99
 64  32  97
 65  32  89
 66  24  89
 67  16  97
 68  16 109
 69   8 109
 70   8  97
 71   8  89
 72   8  81
 73   8  73
 74   8  65
 75   8  57
 76  16  57
 77   8  49
 78   8  41
 79  24  45
 80  32  41
 81  32  49
 82  32  57
 83  32  65
 84  32  73
 85  32  81
 86  40  83
 87  40  73
 88  40  63
 89  40  51
 90  44  43
 91  44  35
 92  44  27
 93  32  25
 94  24  25
 95  16  25
 96  16  17
 97  24  17
 98  32  17
 99  44  11
100  56   9
101  56  17
102  56  25
103  56  33
104  56  41
105  64  41
106  72  41
107  72  49
108  56  49
109  48  51
110  56  57
111  56  65
112  48  63
113  48  73
114  56  73
115  56  81
116  48  83
117  56  89
118  56  97
119 104  97
120 104 105
121 104 113
122 104 121
123 104 129
124 104 137
125 104 145
126 116 145
127 124 145
128 132 145
129 132 137
130 140 137
131 148 137
132 156 137
133 164 137
134 172 125
135 172 117
136 172 109
137 172 101
138 172  93
139 172  85
140 180  85
141 180  77
142 180  69
143 180  61
144 180  53
145 172  53
146 172  61
147 172  69
148 172  77
149 164  81
150 148  85
151 124  85
152 124  93
153 124 109
154 124 125
155 124 117
156 124 101
157 104  89
158 104  81
159 104  73
160 104  65
161 104  49
162 104  41
163 104  33
164 104  25
165 104  17
166  92   9
167  80   9
168  72   9
169  64  21
170  72  25
171  80  25
172  80  25
173  80  41
174  88  49
175 104  57
176 124  69
177 124  77
178 132  81
179 140  65
180 132  61
181 124  61
182 124  53
183 124  45
184 124  37
185 124  29
186 132  21
187 124  21
188 120   9
189 128   9
190 136   9
191 148   9
192 162   9
193 156  25
194 172  21
195 180  21
196 180  29
197 172  29
198 172  37
199 172  45
200 180  45
201 180  37
202 188  41
203 196  49
204 204  57
205 212  65
206 220  73
207 228  69
208 228  77
209 236  77
210 236  69
211 236  61
212 228  61
213 228  53
214 236  53
215 236  45
216 228  45
217 228  37
218 236  37
219 236  29
220 228  29
221 228  21
222 236  21
223 252  21
224 260  29
225 260  37
226 260  45
227 260  53
228 260  61
229 260  69
230 260  77
231 276  77
232 276  69
233 276  61
234 276  53
235 284  53
236 284  61
237 284  69
238 284  77
239 284  85
240 284  93
241 284 101
242 288 109
243 280 109
244 276 101
245 276  93
246 276  85
247 268  97
248 260 109
249 252 101
250 260  93
251 260  85
252 236  85
253 228  85
254 228  93
255 236  93
256 236 101
257 228 101
258 228 109
259 228 117
260 228 125
261 220 125
262 212 117
263 204 109
264 196 101
265 188  93
266 180  93
267 180 101
268 180 109
269 180 117
270 180 125
271 196 145
272 204 145
273 212 145
274 220 145
275 228 145
276 236 145
277 246 141
278 252 125
279 260 129
280 280 133
